2025
2064
2065
2068
2070
2098
2099
2112
2113
2115
2118
2120
2121
2124
2126
2128
2130
2132
2140
2142
2144
2146
2152
2153
2154
2155
2156
2157
2158
2159
2160
2161
2162
2163
2164
2165
2168
2169
2170
2172
2179
2181
2187
2194
2196
2200
2204
2213
2215
2216
2217
2219
2223
2231
2234
2235
2238
2241
2243
2247
2252
2253
2254
2255
2256
2257
2258
2260
2269
2272
2273
2275
2276
2278
2280
2285
2286
2287
2294
2297
2298
2302
2302
2306
2309
2314
2316
2317
2321
2323
2328
2329
2331
2333
2334
2343
2344
2346
2350
2353
2359
2360
2367
2369
2372
2376
2377
2392
2393
2396
2398
2400
2406
2408
2410
2414
2420
2426
2428
2431
2433
2439
2442
2447
2450
2452
2463
2464
2471
2473
2478
2483
2484
2485
2488
2496
2503
2505
2509
2512
2514
2517
2520
2523
2525
2533
2534
2536
2546
2553
2554
2555
2556
2563
2568
2570
2583
2585
2590
2592
2593
2595
2596
2598
2602
2603
2604
2605
2613
2614
2615
2629
2631
2635
2637
2638
2639
2642
2644
2659
2664
2668
2670
2673
2675
2684
2685
2690
2692
2693
2696
2699
2708
2712
2716
2723
